SCMBranch=devel
SCMRepository=devel/code/sMagick/icons
add.png;4269699919;1;1207870468;
arrow_left.png;2752221909;1;1207870468;
arrow_right.png;1698585098;1;1207870468;
bell.png;322982207;1;1207870468;
cross.png;2617012649;1;1207870468;
delete.png;89172963;1;1207870468;
folder_add.png;1276228297;1;1207870468;
icon.svg;2519512408;1;1207870468;
link_connected.png;4011044868;1;1207870468;
link_disconnected.png;2771110643;1;1207870468;
link_error.png;2912392875;1;1207870468;
link_go.png;922952677;1;1207870468;
link_warning.png;2236334215;1;1207870468;
page_add.png;2910537506;1;1207870468;
page_copy.png;356354899;1;1207870468;
page_paste.png;3225263075;1;1207870468;
pencil_go.png;3065522271;1;1207870468;
